     0/299    0.868G   0.08568    0.1094   0.01082    0.2059         4       256         0         0         0         0         0         0         0
     1/299     1.31G   0.06114   0.07705  0.001709    0.1399         3       256         0         0         0         0         0         0         0
     2/299     1.31G   0.05606   0.07094  0.001431    0.1284         8       256         0         0         0         0         0         0         0
     3/299     1.31G   0.04456   0.07145  0.001162    0.1172         8       256    0.4671         1    0.9928    0.8589   0.02065   0.03064  0.000674
     4/299     1.32G   0.03445   0.07621 0.0006577    0.1113         8       256    0.6012         1     0.995    0.9854   0.01478   0.02199 0.0003828
     5/299      1.4G    0.0254   0.06927 0.0003109   0.09498         6       256    0.2064    0.9646    0.8724    0.6975   0.01905   0.04106 0.0002854
     6/299      1.4G   0.02408    0.0687 0.0002285   0.09302         6       256    0.7246    0.9949    0.9946    0.9439   0.01139   0.02049 0.0002085
     7/299      1.4G   0.02178    0.0617 0.0001884   0.08367         4       256    0.6571    0.9949    0.9902    0.8194   0.01345    0.0304 0.0001849
     8/299      1.4G   0.02177   0.05885 0.0001689   0.08079         8       256     0.272    0.9949    0.9816    0.8037   0.01477   0.03655 0.0001613
     9/299      1.4G   0.02048   0.05709 0.0001575   0.07772         8       256    0.8517         1     0.995    0.9485  0.009304     0.018 0.0001288
    10/299      1.4G   0.01968   0.05245 0.0001399   0.07226         5       256    0.8651         1     0.995    0.9725  0.009118   0.01595 0.0001262
    11/299      1.4G   0.01913   0.05102 0.0001302   0.07029         5       256    0.7693         1     0.995    0.9903  0.007042   0.01511 0.0001171
    12/299      1.4G   0.01924   0.05023 0.0001331    0.0696         8       256    0.7916         1     0.995    0.9912  0.006537   0.01367 0.0001103
    13/299      1.4G   0.01788   0.04948 0.0001194   0.06748         6       256    0.4587         1     0.995    0.9651  0.009006   0.01506 0.0001109
    14/299      1.4G   0.01788   0.04844 0.0001107   0.06644         5       256    0.7576         1     0.995    0.8103  0.008524   0.02447 0.0001024
    15/299      1.4G   0.01805    0.0488 0.0001136   0.06696         8       256     0.831         1     0.995    0.9759  0.006205   0.01391 0.0001058
    16/299      1.4G   0.01749   0.04522 0.0001045   0.06282         3       256    0.8656         1     0.995    0.9921  0.006084  0.009714 0.0001024
    17/299      1.4G   0.01722   0.04508 0.0001009    0.0624         6       256     0.661         1     0.995    0.9873  0.005918   0.01187 0.0001054
    18/299      1.4G   0.01672     0.046 0.0001026   0.06282         6       256     0.894         1     0.995    0.9925  0.006502   0.01062 7.841e-05
    19/299      1.4G   0.01687   0.04346  9.19e-05   0.06042         7       256     0.831         1     0.995    0.9925  0.005231  0.009995 8.752e-05
    20/299      1.4G   0.01616   0.04283 8.986e-05   0.05908         6       256    0.8846         1     0.995    0.9871  0.007158   0.01264 8.234e-05
    21/299      1.4G   0.01624     0.042 9.327e-05   0.05833         5       256    0.8523         1    0.9949    0.9813  0.008242   0.01313 8.719e-05
    22/299      1.4G   0.01647    0.0413 9.194e-05   0.05786         2       256    0.8088         1     0.995    0.9903  0.005536   0.01189 8.137e-05
    23/299      1.4G   0.01554   0.04057 8.791e-05    0.0562         7       256    0.9436         1     0.995    0.9909  0.005183  0.008909 6.115e-05
    24/299      1.4G   0.01565   0.03989 8.281e-05   0.05562         4       256    0.7994         1    0.9947    0.9875   0.00498   0.01047 8.242e-05
    25/299      1.4G   0.01536   0.04004 8.314e-05   0.05548         7       256    0.9108         1     0.995    0.9862  0.005138   0.01054 7.953e-05
    26/299      1.4G   0.01543   0.03993 8.143e-05   0.05545         8       256    0.8141         1     0.995    0.9868  0.005823   0.01136 7.546e-05
    27/299      1.4G   0.01505   0.03885 8.322e-05   0.05399         8       256    0.9086         1     0.995    0.9895  0.007392   0.01346 8.288e-05
    28/299      1.4G   0.01535   0.04225 8.094e-05   0.05769         8       256    0.8965         1     0.995    0.9926     0.006  0.009446 7.453e-05
    29/299      1.4G   0.01447   0.03918 7.761e-05   0.05373         6       256    0.8368         1     0.995     0.982  0.005471   0.01119  7.92e-05
    30/299      1.4G   0.01502   0.04052 7.735e-05   0.05562         6       256     0.927         1     0.995    0.9917  0.004202  0.008533 6.875e-05
    31/299      1.4G   0.01454   0.03935 7.579e-05   0.05397         8       256    0.8735         1     0.995      0.99  0.004641  0.009058 6.907e-05
    32/299      1.4G   0.01463   0.03905 7.399e-05   0.05375         6       256    0.8925         1     0.995    0.9916  0.004469  0.009376 7.793e-05
    33/299      1.4G   0.01433   0.03787 7.446e-05   0.05228         8       256    0.8834         1     0.995    0.9285  0.006483   0.01212 6.706e-05
    34/299      1.4G   0.01413   0.03806 7.454e-05   0.05227         3       256     0.753         1     0.995    0.9916  0.004578  0.009498 6.761e-05
    35/299      1.4G   0.01436   0.03761 7.192e-05   0.05203         5       256    0.8912         1     0.995     0.983  0.005693   0.01561 6.067e-05
    36/299      1.4G   0.01451   0.03675 7.229e-05   0.05133         6       256    0.9383         1     0.995    0.9937  0.004528  0.007718 5.642e-05
    37/299      1.4G   0.01392   0.03642 6.961e-05   0.05041         5       256    0.8897         1     0.995     0.991  0.005995   0.01151 6.991e-05
    38/299      1.4G   0.01385   0.03783 7.179e-05   0.05175         8       256    0.9523         1     0.995    0.9939  0.004827  0.009249 6.081e-05
    39/299      1.4G    0.0141    0.0381 6.896e-05   0.05227         3       256    0.8546         1     0.995    0.9905  0.004272  0.009178 5.522e-05
    40/299      1.4G   0.01343   0.03713 6.669e-05   0.05063         7       256    0.9314         1     0.995     0.995   0.00345  0.008479 5.809e-05
    41/299      1.4G   0.01362   0.03622 6.528e-05   0.04991         8       256    0.9386         1     0.995    0.9916  0.004413   0.01039 5.732e-05
    42/299      1.4G   0.01322   0.03591  6.86e-05    0.0492         6       256     0.838         1    0.9947    0.9908  0.004737  0.008817 5.129e-05
    43/299      1.4G   0.01377   0.03732 6.732e-05   0.05116         4       256    0.9419         1     0.995     0.995  0.004733  0.008651 5.403e-05
    44/299      1.4G   0.01363   0.03701  6.64e-05   0.05071         5       256     0.919         1     0.995    0.9872  0.006255    0.0103 5.678e-05
    45/299      1.4G   0.01337    0.0345  6.52e-05   0.04794         2       256    0.8878         1     0.995    0.9853  0.004453   0.01022 5.985e-05
    46/299      1.4G   0.01288   0.03543 6.043e-05   0.04837         4       256     0.917         1     0.995    0.9943  0.004844    0.0096 5.278e-05
    47/299      1.4G     0.013   0.03519 6.338e-05   0.04825         2       256    0.8751         1     0.995    0.9922  0.003118   0.00834 4.955e-05
    48/299      1.4G   0.01273   0.03497 6.171e-05   0.04776         8       256    0.9011         1     0.995    0.9938  0.003265  0.007047 5.699e-05
    49/299      1.4G    0.0126   0.03386 6.066e-05   0.04652         6       256    0.8895         1     0.995    0.9929  0.003394   0.00777  4.61e-05
    50/299      1.4G   0.01242   0.03511 6.196e-05   0.04759         6       256    0.9108         1     0.995    0.9908  0.002971  0.006972 4.933e-05
    51/299      1.4G   0.01247   0.03349 6.028e-05   0.04602         7       256    0.8665         1     0.995     0.991  0.003406  0.008149 5.276e-05
    52/299      1.4G   0.01275   0.03423 6.107e-05   0.04705         6       256    0.8613         1     0.995    0.9927  0.003472  0.008911 5.256e-05
    53/299      1.4G    0.0124   0.03384 6.052e-05   0.04629         3       256    0.9085         1     0.995    0.9936  0.003271  0.006835 5.681e-05
    54/299      1.4G   0.01196   0.03345  5.82e-05   0.04547         8       256    0.9926         1     0.995     0.995  0.003051  0.005643  5.42e-05
    55/299      1.4G   0.01231   0.03271 6.234e-05   0.04508         4       256    0.9262         1     0.995    0.9944  0.003521  0.008323 6.622e-05
    56/299      1.4G   0.01235   0.03398 6.311e-05    0.0464         4       256    0.9487         1     0.995    0.9945  0.002787  0.007723 6.378e-05
    57/299      1.4G   0.01214    0.0335 5.885e-05    0.0457         6       256    0.9506         1    0.9949    0.9904  0.003601  0.008469 5.512e-05
    58/299      1.4G   0.01217   0.03387 6.069e-05    0.0461         6       256    0.9478         1     0.995     0.994  0.003312  0.006765 4.762e-05
    59/299      1.4G   0.01197   0.03363 5.678e-05   0.04565         6       256    0.6004         1     0.995    0.9892  0.003768   0.01453 6.672e-05
    60/299      1.4G   0.01201   0.03322 5.936e-05   0.04529         8       256    0.9663         1     0.995    0.9944  0.002701  0.005881 5.322e-05
    61/299      1.4G   0.01181   0.03312 5.963e-05   0.04498         5       256     0.995         1     0.995     0.995   0.00378  0.006665 5.286e-05
    62/299      1.4G   0.01154   0.03231 5.775e-05    0.0439         8       256     0.892         1    0.9949     0.992  0.003385  0.008276 5.176e-05
    63/299      1.4G   0.01132   0.03167 5.925e-05   0.04306         5       256    0.9828         1     0.995     0.995  0.002771  0.005809 4.979e-05
    64/299      1.4G   0.01147   0.03096 5.412e-05   0.04248         7       256    0.9838         1     0.995     0.995  0.002413   0.00559 5.281e-05
    65/299      1.4G   0.01136   0.03131 5.724e-05   0.04273         6       256    0.8554         1     0.995    0.9904  0.002707  0.007406 5.007e-05
    66/299      1.4G   0.01156   0.03228 5.822e-05    0.0439         4       256    0.9688         1     0.995    0.9947   0.00225  0.007514 5.087e-05
    67/299      1.4G   0.01142   0.03155 5.658e-05   0.04303         6       256    0.9319         1     0.995    0.9934  0.002853  0.006975 6.293e-05
    68/299      1.4G   0.01095   0.03168 5.439e-05   0.04268         5       256    0.8823         1    0.9949     0.987  0.003769  0.009712 6.166e-05
    69/299      1.4G   0.01115   0.03237 5.653e-05   0.04357         5       256    0.9226         1     0.995    0.9934  0.003007  0.008607 5.497e-05
    70/299      1.4G   0.01118   0.03077 5.786e-05   0.04201         3       256    0.9359         1     0.995    0.9945  0.003617  0.008663 5.772e-05
    71/299      1.4G   0.01097   0.03171 5.683e-05   0.04274         5       256    0.8764         1     0.995    0.9865     0.003  0.007576 4.941e-05
    72/299      1.4G   0.01077    0.0312 5.372e-05   0.04201         7       256    0.8864         1    0.9949    0.9879   0.00433   0.01126 5.539e-05
    73/299      1.4G   0.01088    0.0303 5.685e-05   0.04124         7       256    0.9362         1     0.995    0.9931  0.002297  0.006749 5.202e-05
    74/299      1.4G   0.01091    0.0314 5.661e-05   0.04237         6       256    0.9086         1     0.995    0.9937  0.002391  0.006751 5.266e-05
    75/299      1.4G   0.01065   0.03125 5.576e-05   0.04196         8       256     0.995         1     0.995     0.995  0.001948  0.005238 5.553e-05
    76/299      1.4G   0.01063   0.03025 5.406e-05   0.04093         5       256    0.9475         1     0.995     0.995  0.003263  0.008453 4.703e-05
    77/299      1.4G   0.01084   0.03031  5.28e-05    0.0412         6       256     0.992         1     0.995     0.995  0.002654  0.005944 5.106e-05
    78/299      1.4G   0.01064   0.02971 5.544e-05    0.0404         8       256    0.9474         1     0.995     0.995  0.002146  0.004512 4.802e-05
    79/299      1.4G   0.01087   0.03114  5.42e-05   0.04206         6       256    0.9368         1     0.995    0.9941  0.002545  0.006509 4.769e-05
    80/299      1.4G   0.01059   0.02923 5.432e-05   0.03987         4       256    0.9499         1     0.995     0.995  0.002029  0.005715  5.45e-05
    81/299      1.4G   0.01026    0.0297 5.493e-05   0.04002         3       256    0.9658         1     0.995     0.995  0.001986  0.004756 4.876e-05
    82/299      1.4G   0.01005   0.02972 5.196e-05   0.03982         6       256    0.9232         1     0.995    0.9921  0.002761  0.005818  5.01e-05
    83/299      1.4G    0.0104   0.02998 5.273e-05   0.04043         7       256    0.9506         1     0.995     0.995  0.002079  0.004919 4.668e-05
    84/299      1.4G   0.01036   0.03048 5.527e-05   0.04089         7       256    0.9808         1     0.995    0.9943  0.001947  0.005461 5.045e-05
    85/299      1.4G   0.01051   0.03014 5.477e-05    0.0407         7       256    0.9472         1     0.995    0.9937  0.002376  0.005602 4.641e-05
    86/299      1.4G   0.01005   0.03052 5.606e-05   0.04063         5       256    0.9638         1     0.995     0.995  0.002062  0.006507 4.902e-05
    87/299      1.4G  0.009956   0.02927 4.961e-05   0.03928         5       256    0.9909         1     0.995     0.995   0.00159  0.003704 4.945e-05
    88/299      1.4G   0.01027   0.02957 5.341e-05    0.0399         4       256    0.9823         1     0.995     0.995  0.001758  0.005938 5.594e-05
    89/299      1.4G  0.009938   0.02949 5.167e-05   0.03947         7       256     0.929         1     0.995     0.995  0.001983  0.005672 5.607e-05
    90/299      1.4G   0.01005   0.03021 5.274e-05   0.04032         5       256     0.943         1     0.995    0.9938  0.002483  0.006195 5.237e-05
    91/299      1.4G  0.009913   0.02947  5.14e-05   0.03943         4       256    0.9413         1     0.995     0.995  0.003023  0.006365 4.653e-05
    92/299      1.4G  0.009927   0.02965 5.151e-05   0.03962         8       256    0.9812         1     0.995     0.995  0.001821  0.005328 5.442e-05
    93/299      1.4G  0.009917    0.0292 5.194e-05   0.03917         6       256     0.927         1     0.995    0.9907  0.002658  0.005997 4.778e-05
    94/299      1.4G  0.009381    0.0281 4.941e-05   0.03753         8       256    0.9907         1     0.995     0.995  0.002188  0.005264 4.925e-05
    95/299      1.4G  0.009848    0.0286 5.148e-05    0.0385         2       256    0.9928         1     0.995     0.995  0.001901  0.004034   4.2e-05
    96/299      1.4G  0.009576    0.0276 5.049e-05   0.03723         8       256     0.995         1     0.995     0.995  0.001639   0.00376 4.744e-05
    97/299      1.4G  0.009367   0.02811 4.951e-05   0.03752         8       256    0.9751         1     0.995     0.995   0.00148  0.003971 4.753e-05
    98/299      1.4G   0.00936   0.02775 4.846e-05   0.03715         3       256    0.9489         1    0.9949    0.9925  0.002216  0.006817 4.989e-05
    99/299      1.4G  0.009189   0.02889 5.584e-05   0.03813         2       256    0.9609         1     0.995     0.995  0.001443  0.004161 4.719e-05
   100/299      1.4G  0.009582   0.02896 4.963e-05   0.03859         6       256    0.9614         1     0.995    0.9933  0.001738  0.005405 4.617e-05
   101/299      1.4G  0.009381   0.02839 4.966e-05   0.03782         6       256    0.9874         1     0.995     0.995  0.001294  0.003896 4.377e-05
   102/299      1.4G  0.009176   0.02814 4.875e-05   0.03736         8       256      0.97         1     0.995     0.995  0.001699  0.004315 4.497e-05
   103/299      1.4G  0.009197    0.0278  4.78e-05   0.03705         5       256    0.9234         1    0.9949    0.9949  0.002217  0.005174 3.712e-05
   104/299      1.4G  0.009278   0.02831 4.808e-05   0.03764         7       256    0.9569         1     0.995    0.9946  0.002187  0.005564 4.124e-05
   105/299      1.4G  0.008995    0.0271 4.867e-05   0.03614         4       256    0.9531         1     0.995    0.9948  0.001858  0.004244 4.236e-05
   106/299      1.4G  0.009048   0.02831 4.814e-05   0.03741         5       256    0.9739         1     0.995     0.995  0.001447  0.004387 4.715e-05
   107/299      1.4G  0.008993    0.0281 4.738e-05   0.03714         8       256    0.9652         1     0.995     0.995  0.001576  0.003447 3.653e-05
   108/299      1.4G  0.009008   0.02736 4.862e-05   0.03641         8       256     0.941         1     0.995    0.9931  0.001994  0.005483 3.968e-05
   109/299      1.4G  0.008773   0.02598 4.804e-05    0.0348         4       256    0.6295         1    0.9938    0.9883  0.002192  0.006578 4.845e-05
   110/299      1.4G  0.008722   0.02672 4.682e-05   0.03548         5       256    0.7084         1    0.9943    0.9871  0.002791  0.008825 5.591e-05
   111/299      1.4G  0.008731   0.02668 4.845e-05   0.03545         8       256    0.9297         1    0.9947    0.9935  0.001809  0.004344 4.035e-05
   112/299      1.4G  0.008694   0.02676 4.596e-05    0.0355         8       256    0.9105         1     0.995    0.9903  0.001967  0.006487 4.655e-05
   113/299      1.4G  0.008463   0.02631 4.532e-05   0.03482         6       256    0.9549         1     0.995     0.995  0.001712  0.004366 4.423e-05
   114/299      1.4G  0.008715   0.02696 4.647e-05   0.03572         6       256    0.9488         1     0.995     0.995  0.001683  0.004288 4.817e-05
   115/299      1.4G  0.008348   0.02592 4.792e-05   0.03431         5       256    0.9859         1     0.995     0.995  0.001468  0.003462 4.282e-05
   116/299      1.4G  0.008582   0.02631 4.754e-05   0.03494         7       256    0.9524         1     0.995     0.995  0.001629  0.004487 4.732e-05
   117/299      1.4G  0.008269   0.02481  4.53e-05   0.03312         8       256    0.9535         1    0.9949    0.9935  0.001701  0.004896 4.708e-05
   118/299      1.4G  0.008302   0.02614 4.441e-05   0.03449         6       256    0.9591         1     0.995    0.9947  0.001968  0.005577 4.704e-05
   119/299      1.4G  0.008461   0.02557 4.504e-05   0.03408         6       256    0.9472         1    0.9949    0.9946  0.001189  0.003674 4.248e-05
   120/299      1.4G  0.008252   0.02477 4.598e-05   0.03307         7       256    0.9784         1     0.995     0.995  0.001286  0.003091 4.545e-05
   121/299      1.4G   0.00817   0.02608 4.643e-05   0.03429         8       256    0.9859         1     0.995     0.995   0.00141  0.004195 4.447e-05
   122/299      1.4G  0.007885    0.0247 4.507e-05   0.03263         8       256    0.9658         1     0.995     0.995  0.001921    0.0044 4.265e-05
   123/299      1.4G  0.007948   0.02484 4.385e-05   0.03283         6       256    0.9788         1     0.995     0.995  0.001476  0.004626 4.529e-05
   124/299      1.4G   0.00806   0.02509 4.622e-05    0.0332         6       256    0.9673         1     0.995     0.995  0.001604  0.004799 4.706e-05
   125/299      1.4G  0.008073   0.02521 4.468e-05   0.03333         5       256    0.9502         1     0.995     0.995   0.00172  0.004132 4.108e-05
   126/299      1.4G  0.007673   0.02453 4.638e-05   0.03225         6       256    0.9472         1     0.995    0.9946  0.002109   0.00916 5.036e-05
   127/299      1.4G  0.007746   0.02431 4.339e-05    0.0321         5       256    0.9401         1     0.995     0.995  0.001284  0.003697  4.54e-05
   128/299      1.4G  0.007806   0.02558 4.413e-05   0.03343         8       256    0.8909         1    0.9947    0.9895  0.002734  0.005945 4.943e-05
   129/299      1.4G  0.007745   0.02539 4.549e-05   0.03318         7       256    0.8247         1    0.9949    0.9906  0.002211  0.006177 4.793e-05
   130/299      1.4G  0.007849   0.02477 4.234e-05   0.03266         6       256    0.9353         1     0.995    0.9945  0.001537  0.004255 4.137e-05
   131/299      1.4G  0.007903   0.02483 4.513e-05   0.03278         6       256    0.9583         1     0.995     0.995  0.001463  0.004263 4.426e-05
   132/299      1.4G  0.007819   0.02453 4.442e-05    0.0324         6       256    0.8823         1     0.995    0.9914  0.002313  0.009427 5.131e-05
   133/299      1.4G  0.007681   0.02449 4.258e-05   0.03221         3       256    0.9414         1     0.995     0.995  0.001621  0.004224 4.561e-05
   134/299      1.4G  0.007448   0.02458 4.417e-05   0.03207         3       256    0.9547         1    0.9949    0.9938  0.001907  0.005431 4.653e-05
   135/299      1.4G  0.007487   0.02438  4.16e-05   0.03191         4       256    0.9648         1     0.995    0.9944  0.001777  0.004905 4.125e-05
   136/299      1.4G  0.007488   0.02339 4.163e-05   0.03092         5       256    0.9775         1     0.995     0.995  0.001479  0.005457  4.67e-05
   137/299      1.4G  0.007481   0.02436 4.268e-05   0.03188         8       256    0.9808         1     0.995     0.995  0.001157  0.004451 4.635e-05
   138/299      1.4G   0.00733    0.0245 4.177e-05   0.03187         3       256    0.9431         1     0.995    0.9928  0.001893  0.005434  4.97e-05
   139/299      1.4G  0.007537   0.02484 4.498e-05   0.03242         5       256    0.9269         1    0.9949    0.9937  0.002229   0.00638 4.817e-05
   140/299      1.4G  0.007357   0.02424 4.119e-05   0.03163         5       256    0.9393         1    0.9949    0.9949  0.001568  0.004886 4.394e-05
   141/299      1.4G  0.007378   0.02434 4.103e-05   0.03176         4       256    0.9813         1     0.995     0.995  0.001342  0.003733 4.019e-05
   142/299      1.4G  0.007296   0.02409 4.099e-05   0.03143         5       256    0.9802         1     0.995     0.995  0.001194  0.003403 4.026e-05
   143/299      1.4G  0.007124   0.02351 4.143e-05   0.03067         5       256    0.9657         1     0.995    0.9948  0.001311  0.004213  4.42e-05
   144/299      1.4G  0.007225   0.02332 4.589e-05   0.03059         7       256     0.952         1    0.9949    0.9928  0.001609  0.004468 4.273e-05
   145/299      1.4G  0.007269   0.02463  4.11e-05   0.03194         6       256    0.9471         1     0.995    0.9943  0.001436  0.004231 4.516e-05
   146/299      1.4G  0.007299   0.02424  4.09e-05   0.03158         8       256    0.9666         1    0.9949    0.9932  0.001502  0.003839 4.291e-05
   147/299      1.4G  0.007025   0.02366 3.948e-05   0.03073         6       256    0.9552         1     0.995    0.9934  0.001582   0.00437 4.087e-05
   148/299      1.4G  0.007049   0.02383 4.044e-05   0.03092         6       256    0.9856         1     0.995     0.995  0.001022  0.002549 3.505e-05
   149/299      1.4G  0.006849   0.02267 3.942e-05   0.02956         5       256    0.9723         1     0.995     0.995 0.0009983  0.003226 4.205e-05
   150/299      1.4G  0.006872   0.02373 3.939e-05   0.03064         2       256    0.6774         1     0.995     0.995  0.001362  0.003926 3.883e-05
   151/299      1.4G     0.007   0.02368 3.875e-05   0.03071         8       256    0.9913         1     0.995     0.995  0.000845  0.003123 3.965e-05
   152/299      1.4G  0.006834   0.02239 4.915e-05   0.02928         4       256    0.9815         1     0.995     0.995 0.0009108  0.003227  3.89e-05
   153/299      1.4G  0.006807   0.02281   3.9e-05   0.02966         6       256    0.9954         1     0.995     0.995 0.0009615  0.003735  3.88e-05
   154/299      1.4G  0.006773   0.02219 3.826e-05     0.029         8       256    0.9937         1     0.995     0.995 0.0009988  0.003565 3.728e-05
   155/299      1.4G   0.00671   0.02251  3.88e-05   0.02926         8       256    0.9953         1     0.995     0.995 0.0009698  0.002931 3.615e-05
   156/299      1.4G  0.006736   0.02279 3.795e-05   0.02957         5       256    0.9954         1     0.995     0.995 0.0007853  0.002737 3.937e-05
   157/299      1.4G  0.006603   0.02216 3.776e-05   0.02881         6       256    0.9718         1     0.995     0.995  0.001057  0.003166  3.95e-05
   158/299      1.4G  0.006436   0.02233 3.682e-05    0.0288         8       256    0.9632         1     0.995     0.995  0.001148  0.003661 4.167e-05
   159/299      1.4G  0.006609   0.02276 3.697e-05   0.02941         3       256    0.9803         1     0.995     0.995 0.0009382  0.002956 4.096e-05
   160/299      1.4G   0.00664   0.02233 3.773e-05   0.02901         6       256    0.9814         1     0.995     0.995 0.0009315  0.003149 3.662e-05
   161/299      1.4G  0.006467    0.0213 3.677e-05    0.0278         6       256    0.9766         1     0.995    0.9947 0.0008938  0.003769 3.615e-05
   162/299      1.4G   0.00632   0.02203 3.569e-05   0.02839         2       256     0.968         1     0.995     0.995 0.0008877  0.002703 3.012e-05
   163/299      1.4G    0.0066   0.02363  3.85e-05   0.03027         8       256    0.9519         1     0.995     0.995   0.00108  0.004957 4.039e-05
   164/299      1.4G  0.006327   0.02187 3.574e-05   0.02823         3       256    0.9728         1     0.995    0.9946  0.000919  0.003131 3.567e-05
   165/299      1.4G  0.006324   0.02294 3.665e-05    0.0293         6       256    0.9914         1     0.995     0.995 0.0008531  0.002632  3.73e-05
   166/299      1.4G  0.006397   0.02288 3.744e-05   0.02931         2       256    0.9875         1     0.995     0.995 0.0008145  0.003551 4.299e-05
   167/299      1.4G  0.006279   0.02185 3.629e-05   0.02816         8       256    0.9852         1     0.995     0.995 0.0008788  0.003137 3.804e-05
   168/299      1.4G  0.006246   0.02246 3.549e-05   0.02874         8       256    0.9689         1     0.995     0.995  0.001196  0.003549 3.504e-05
   169/299      1.4G  0.006376   0.02234 3.604e-05   0.02876         5       256    0.8854         1    0.9949    0.9928  0.001605  0.004789 3.563e-05
   170/299      1.4G  0.006214   0.02218 3.564e-05   0.02843         6       256     0.949         1     0.995     0.994  0.001264  0.004314 3.526e-05
   171/299      1.4G  0.006057   0.02112 3.495e-05   0.02721         4       256    0.9623         1     0.995    0.9949  0.001143  0.003522 3.255e-05
   172/299      1.4G  0.006015   0.02136 3.427e-05   0.02741         7       256    0.9645         1     0.995    0.9945  0.001069  0.003526 3.031e-05
   173/299      1.4G  0.006048   0.02231   3.5e-05    0.0284         3       256    0.9712         1     0.995     0.995 0.0009106   0.00335 3.325e-05
   174/299      1.4G  0.006212   0.02138  3.46e-05   0.02763         5       256    0.9694         1     0.995    0.9946  0.001107  0.003887 3.522e-05
   175/299      1.4G  0.005877   0.02073 3.477e-05   0.02664         8       256    0.9914         1     0.995     0.995 0.0008727  0.002539 3.161e-05
   176/299      1.4G   0.00619   0.02303 3.565e-05   0.02926         5       256    0.9868         1     0.995     0.995  0.000874  0.004091 3.764e-05
   177/299      1.4G  0.005835   0.02054 3.337e-05   0.02641         5       256    0.9701         1     0.995     0.995 0.0008436  0.003566 3.654e-05
   178/299      1.4G  0.005797   0.02029 3.306e-05   0.02612         6       256    0.9766         1     0.995     0.995  0.000626  0.002426 3.542e-05
   179/299      1.4G  0.005725   0.02115 3.613e-05   0.02691         6       256    0.9805         1     0.995     0.995 0.0008705  0.002823   3.2e-05
   180/299      1.4G  0.005748   0.02045 3.326e-05   0.02623         8       256    0.9914         1     0.995     0.995 0.0007699  0.002948 3.423e-05
   181/299      1.4G  0.005919   0.02129 3.343e-05   0.02724         4       256    0.9954         1     0.995     0.995 0.0006609   0.00237 3.358e-05
   182/299      1.4G  0.005608   0.01906 3.184e-05    0.0247         6       256    0.9902         1     0.995     0.995 0.0008592   0.00339 3.468e-05
   183/299      1.4G  0.005764    0.0202 3.171e-05     0.026         8       256    0.8759         1     0.995     0.995  0.001299   0.00521 3.559e-05
   184/299      1.4G  0.005637   0.02122 3.612e-05   0.02689         8       256    0.9854         1     0.995     0.995 0.0008034  0.002534 3.218e-05
   185/299      1.4G  0.005426   0.02011 3.127e-05   0.02557         3       256    0.9847         1     0.995     0.995 0.0006336  0.002106 2.997e-05
   186/299      1.4G  0.005611   0.02044 3.169e-05   0.02608         8       256    0.9729         1     0.995    0.9949 0.0008413  0.002739 3.095e-05
   187/299      1.4G  0.005576   0.02069 3.232e-05    0.0263         5       256    0.9511         1     0.995    0.9945 0.0009344  0.003221 3.565e-05
   188/299      1.4G  0.005587   0.01981   3.3e-05   0.02543         8       256    0.9571         1     0.995     0.995  0.000767  0.002729  3.54e-05
   189/299      1.4G  0.005342   0.01964 3.106e-05   0.02501         8       256    0.9461         1     0.995    0.9943  0.001106  0.002976 3.227e-05
   190/299      1.4G  0.005369   0.02017 3.111e-05   0.02557         6       256    0.9498         1     0.995    0.9937  0.001023  0.003639  3.47e-05
   191/299      1.4G  0.005431   0.02086  3.36e-05   0.02632         8       256    0.9695         1     0.995     0.995 0.0006732  0.002308 3.057e-05
   192/299      1.4G  0.005272   0.02067 3.123e-05   0.02597         8       256    0.9655         1     0.995    0.9938  0.001115  0.003493 3.106e-05
   193/299      1.4G  0.005188   0.01896  3.09e-05   0.02417         6       256    0.9859         1     0.995     0.995 0.0004902  0.001757 2.786e-05
   194/299      1.4G   0.00527   0.01887 3.008e-05   0.02417         6       256    0.9901         1     0.995     0.995 0.0009011  0.002323  2.71e-05
   195/299      1.4G  0.005175   0.01896 3.085e-05   0.02417         6       256    0.9853         1     0.995     0.995 0.0007936  0.002265 2.922e-05
   196/299      1.4G  0.005248   0.01986 3.066e-05   0.02514         3       256    0.9754         1     0.995     0.995 0.0006956  0.002543 2.883e-05
   197/299      1.4G  0.005108   0.01968 3.101e-05   0.02482         5       256    0.9539         1     0.995     0.995 0.0007612  0.002308 2.824e-05
   198/299      1.4G  0.005036   0.01861 3.047e-05   0.02368         2       256      0.97         1     0.995     0.995 0.0006602  0.002264 2.768e-05
   199/299      1.4G  0.005113   0.01859  2.98e-05   0.02373         2       256    0.9855         1     0.995     0.995 0.0006526  0.002041 2.961e-05
   200/299      1.4G  0.005037   0.01982 2.971e-05   0.02489         8       256    0.9923         1     0.995     0.995  0.000601  0.002035 3.007e-05
   201/299      1.4G  0.005063   0.01932 2.974e-05   0.02441         8       256    0.9799         1     0.995     0.995 0.0007231  0.002735 3.123e-05
   202/299      1.4G  0.004996    0.0187 3.072e-05   0.02373         6       256    0.9626         1     0.995    0.9946 0.0008857  0.002904 3.023e-05
   203/299      1.4G  0.004889   0.01849 2.878e-05    0.0234         8       256    0.9445         1    0.9949    0.9942  0.001135  0.003631 2.881e-05
   204/299      1.4G  0.004973   0.01947 2.952e-05   0.02448         8       256    0.9692         1     0.995    0.9946 0.0008402  0.002917 2.928e-05
   205/299      1.4G  0.004819   0.01803 2.982e-05   0.02288         8       256    0.9625         1     0.995    0.9948 0.0008835  0.002979  3.11e-05
   206/299      1.4G  0.004832   0.01787 2.908e-05   0.02273         5       256    0.9528         1     0.995    0.9944  0.001073  0.003778 3.302e-05
   207/299      1.4G  0.004777   0.01867 2.895e-05   0.02348         5       256    0.9912         1     0.995     0.995 0.0007683  0.002454 3.064e-05
   208/299      1.4G  0.004832   0.01867   2.9e-05   0.02353         3       256    0.9862         1     0.995     0.995 0.0007733  0.002508 3.172e-05
   209/299      1.4G  0.004877   0.01946 2.875e-05   0.02436         5       256     0.962         1     0.995     0.995 0.0008729  0.003656 3.375e-05
   210/299      1.4G  0.004705   0.01788 2.818e-05   0.02261         5       256    0.9857         1     0.995     0.995 0.0007747  0.002931 3.152e-05
   211/299      1.4G  0.004628   0.01757 2.804e-05   0.02222         6       256    0.9867         1     0.995     0.995  0.000661  0.002089 2.853e-05
   212/299      1.4G  0.004751    0.0182  2.79e-05   0.02297         8       256    0.9952         1     0.995     0.995  0.000767  0.002191 2.921e-05
   213/299      1.4G  0.004583   0.01791 2.811e-05   0.02252         5       256    0.9955         1     0.995     0.995 0.0007042  0.002515  3.06e-05
   214/299      1.4G  0.004564   0.01795 2.675e-05   0.02254         4       256    0.9954         1     0.995     0.995 0.0006581  0.002143 2.852e-05
   215/299      1.4G  0.004553   0.01811 2.763e-05   0.02269         7       256    0.9934         1     0.995     0.995 0.0006565  0.002142 2.824e-05
   216/299      1.4G  0.004629   0.01703 2.727e-05   0.02168         5       256    0.9927         1     0.995     0.995  0.000674  0.002062 2.718e-05
   217/299      1.4G  0.004598   0.01842  2.81e-05   0.02305         3       256    0.9954         1     0.995     0.995 0.0006703  0.002898 3.111e-05
   218/299      1.4G  0.004491   0.01775 2.687e-05   0.02227         4       256    0.9902         1     0.995     0.995  0.000896  0.004058 3.047e-05
   219/299      1.4G   0.00446   0.01782 2.639e-05   0.02231         3       256    0.9919         1     0.995     0.995 0.0006197  0.002087 2.566e-05
   220/299      1.4G  0.004463   0.01765 2.681e-05   0.02214         5       256     0.995         1     0.995     0.995 0.0005158  0.001753 2.511e-05
   221/299      1.4G  0.004493   0.01823 2.697e-05   0.02275         6       256    0.9911         1     0.995     0.995 0.0004826  0.001551 2.453e-05
   222/299      1.4G  0.004434   0.01774 2.644e-05    0.0222         4       256    0.9917         1     0.995     0.995 0.0004642  0.001472 2.344e-05
   223/299      1.4G  0.004427   0.01773 2.614e-05   0.02219         7       256    0.9861         1     0.995     0.995  0.000408  0.001729  2.51e-05
   224/299      1.4G  0.004419   0.01783 2.569e-05   0.02228         4       256    0.9754         1     0.995     0.995 0.0005206  0.001949 2.368e-05
   225/299      1.4G  0.004386   0.01746 2.659e-05   0.02187         3       256    0.9798         1     0.995     0.995 0.0005039  0.001702 2.379e-05
   226/299      1.4G  0.004307   0.01774 2.598e-05   0.02207         5       256     0.986         1     0.995     0.995  0.000466  0.001421 2.155e-05
   227/299      1.4G  0.004284   0.01687 2.513e-05   0.02118         5       256    0.9609         1     0.995     0.995  0.000652  0.002048 2.232e-05
   228/299      1.4G  0.004363    0.0175 2.638e-05   0.02189         6       256    0.9808         1     0.995     0.995 0.0005829  0.001831 2.289e-05
   229/299      1.4G  0.004126   0.01646 2.469e-05   0.02062         6       256    0.9763         1     0.995     0.995 0.0005025  0.001896 2.319e-05
   230/299      1.4G  0.004088   0.01669 2.564e-05   0.02081         6       256    0.9891         1     0.995     0.995 0.0004071   0.00184 2.437e-05
   231/299      1.4G  0.004148   0.01681 2.447e-05   0.02099         6       256    0.9909         1     0.995     0.995 0.0004172  0.001597 2.241e-05
   232/299      1.4G  0.004248   0.01758 2.507e-05   0.02185         6       256     0.995         1     0.995     0.995 0.0003767  0.001583 2.243e-05
   233/299      1.4G  0.004231   0.01655 2.568e-05    0.0208         8       256    0.9916         1     0.995     0.995 0.0004521  0.001604 2.391e-05
   234/299      1.4G  0.004037   0.01599  2.47e-05   0.02005         6       256    0.9808         1     0.995     0.995 0.0004772  0.002171 2.524e-05
   235/299      1.4G  0.004068   0.01678   2.5e-05   0.02087         5       256     0.985         1     0.995     0.995 0.0004196  0.002169  2.52e-05
   236/299      1.4G  0.004154   0.01745 2.484e-05   0.02163         6       256    0.9954         1     0.995     0.995 0.0003862  0.001765 2.427e-05
   237/299      1.4G  0.004141   0.01691 2.442e-05   0.02107         8       256    0.9908         1     0.995     0.995 0.0004116   0.00175 2.359e-05
   238/299      1.4G  0.003968   0.01572 2.496e-05   0.01971         5       256    0.9905         1     0.995     0.995 0.0004494  0.001749 2.347e-05
   239/299      1.4G   0.00384   0.01612 2.383e-05   0.01999         4       256    0.9903         1     0.995     0.995 0.0004814  0.002085 2.439e-05
   240/299      1.4G  0.003901   0.01612 2.472e-05   0.02004         5       256    0.9906         1     0.995     0.995 0.0004607  0.001971  2.44e-05
   241/299      1.4G  0.004025   0.01663 2.357e-05   0.02068         6       256    0.9875         1     0.995     0.995 0.0004427  0.001884 2.396e-05
   242/299      1.4G  0.003846   0.01648 2.351e-05   0.02035         6       256    0.9858         1     0.995     0.995 0.0005622  0.002451 2.477e-05
   243/299      1.4G  0.003722    0.0151 2.307e-05   0.01885         6       256    0.9916         1     0.995     0.995 0.0005032  0.002145 2.381e-05
   244/299      1.4G   0.00388   0.01654 2.373e-05   0.02044         6       256    0.9882         1     0.995     0.995 0.0004894  0.001849 2.311e-05
   245/299      1.4G   0.00376   0.01599 2.277e-05   0.01977         5       256    0.9876         1     0.995     0.995 0.0005208  0.001986 2.374e-05
   246/299      1.4G   0.00378   0.01623 2.356e-05   0.02003         6       256    0.9886         1     0.995     0.995 0.0004645  0.001943 2.362e-05
   247/299      1.4G   0.00378   0.01638 2.399e-05   0.02018         5       256    0.9844         1     0.995     0.995 0.0004349    0.0021 2.447e-05
   248/299      1.4G  0.003692   0.01506 2.263e-05   0.01877         4       256    0.9875         1     0.995     0.995 0.0004246  0.001668 2.261e-05
   249/299      1.4G  0.003715   0.01516 2.236e-05    0.0189         6       256    0.9897         1     0.995     0.995 0.0004208  0.001542 2.182e-05
   250/299      1.4G  0.003773   0.01525 2.307e-05   0.01904         5       256     0.989         1     0.995     0.995 0.0003906  0.001533 2.196e-05
   251/299      1.4G  0.003787   0.01644 2.267e-05   0.02025         5       256    0.9909         1     0.995     0.995 0.0004365  0.001683 2.265e-05
   252/299      1.4G  0.003684    0.0158 2.289e-05    0.0195         3       256    0.9908         1     0.995     0.995 0.0005258  0.002565 2.504e-05
   253/299      1.4G  0.003637   0.01571 2.333e-05   0.01937         3       256    0.9908         1     0.995     0.995 0.0005834  0.003636 2.692e-05
   254/299      1.4G  0.003658   0.01521  2.21e-05   0.01889         6       256    0.9908         1     0.995     0.995 0.0006032  0.002942 2.415e-05
   255/299      1.4G   0.00365   0.01493 2.219e-05    0.0186         6       256    0.9907         1     0.995     0.995 0.0005862  0.002461 2.263e-05
   256/299      1.4G  0.003685   0.01581 2.203e-05   0.01952         6       256    0.9906         1     0.995     0.995 0.0006022  0.002618 2.326e-05
   257/299      1.4G  0.003613   0.01562 2.254e-05   0.01925         4       256    0.9904         1     0.995     0.995    0.0006  0.002655 2.479e-05
   258/299      1.4G  0.003653   0.01565  2.18e-05   0.01933         7       256    0.9947         1     0.995     0.995 0.0005764   0.00206 2.393e-05
   259/299      1.4G  0.003668   0.01552 2.183e-05   0.01921         6       256    0.9941         1     0.995     0.995 0.0005356  0.001715 2.211e-05
   260/299      1.4G  0.003599     0.016 2.197e-05   0.01962         4       256     0.995         1     0.995     0.995 0.0004832  0.001556  2.13e-05
   261/299      1.4G  0.003591   0.01546 2.196e-05   0.01908         6       256    0.9952         1     0.995     0.995 0.0005022  0.001817 2.257e-05
   262/299      1.4G  0.003557   0.01528 2.162e-05   0.01885         8       256    0.9952         1     0.995     0.995  0.000528  0.001743 2.243e-05
   263/299      1.4G  0.003471   0.01543 2.162e-05   0.01892         6       256    0.9934         1     0.995     0.995 0.0005324  0.001585 2.199e-05
   264/299      1.4G   0.00347   0.01476 2.129e-05   0.01825         5       256    0.9932         1     0.995     0.995 0.0005236  0.001461 2.139e-05
   265/299      1.4G  0.003501   0.01526 2.114e-05   0.01878         5       256    0.9951         1     0.995     0.995 0.0005064   0.00146 2.143e-05
   266/299      1.4G  0.003472   0.01467 2.064e-05   0.01816         6       256    0.9889         1     0.995     0.995 0.0004941  0.001553  2.19e-05
   267/299      1.4G  0.003497   0.01522 2.101e-05   0.01874         8       256     0.986         1     0.995     0.995 0.0005163  0.001459 2.076e-05
   268/299      1.4G  0.003482   0.01507 2.089e-05   0.01858         6       256    0.9928         1     0.995     0.995 0.0004988  0.001334 2.013e-05
   269/299      1.4G  0.003548   0.01525 2.087e-05   0.01882         8       256    0.9953         1     0.995     0.995 0.0004809  0.001332 2.002e-05
   270/299      1.4G  0.003531   0.01519   2.1e-05   0.01874         6       256    0.9954         1     0.995     0.995 0.0004555  0.001479 2.084e-05
   271/299      1.4G   0.00354   0.01517 1.986e-05   0.01873         5       256    0.9953         1     0.995     0.995 0.0004554  0.001549 2.102e-05
   272/299      1.4G  0.003471   0.01491 2.037e-05    0.0184         8       256    0.9923         1     0.995     0.995 0.0005411  0.001598 2.051e-05
   273/299      1.4G  0.003452   0.01556 2.077e-05   0.01903         4       256    0.9907         1     0.995     0.995 0.0005498  0.001652 2.097e-05
   274/299      1.4G  0.003419   0.01506     2e-05   0.01849         6       256    0.9863         1     0.995     0.995 0.0005651   0.00175 2.076e-05
   275/299      1.4G  0.003362   0.01458 1.988e-05   0.01796         5       256     0.986         1     0.995     0.995 0.0005794  0.001659 1.958e-05
   276/299      1.4G  0.003371    0.0147  2.01e-05   0.01809         8       256    0.9876         1     0.995     0.995 0.0006237  0.001697 1.917e-05
   277/299      1.4G  0.003387   0.01406 2.035e-05   0.01747         8       256    0.9877         1     0.995     0.995  0.000606  0.001683 1.945e-05
   278/299      1.4G  0.003343   0.01503 2.016e-05   0.01839         5       256    0.9906         1     0.995     0.995  0.000551  0.001557 1.961e-05
   279/299      1.4G  0.003345   0.01456 2.015e-05   0.01792         6       256    0.9906         1     0.995     0.995 0.0005561  0.001667 2.003e-05
   280/299      1.4G  0.003312   0.01476 2.018e-05    0.0181         6       256    0.9912         1     0.995     0.995 0.0004805  0.001516 1.995e-05
   281/299      1.4G  0.003329   0.01444 1.937e-05   0.01779         6       256    0.9918         1     0.995     0.995 0.0004705  0.001546 2.014e-05
   282/299      1.4G  0.003266   0.01439 2.023e-05   0.01767         8       256    0.9908         1     0.995     0.995 0.0004916  0.001726 2.084e-05
   283/299      1.4G  0.003255   0.01497 1.947e-05   0.01824         2       256    0.9911         1     0.995     0.995 0.0005068  0.001761 2.076e-05
   284/299      1.4G  0.003441   0.01528 2.003e-05   0.01874         6       256    0.9905         1     0.995     0.995 0.0005713  0.001963 2.094e-05
   285/299      1.4G  0.003336   0.01451 1.976e-05   0.01786         6       256    0.9905         1     0.995     0.995 0.0005737  0.002078 2.086e-05
   286/299      1.4G  0.003275   0.01479 1.973e-05   0.01808         4       256    0.9906         1     0.995     0.995 0.0005517  0.001845 1.992e-05
   287/299      1.4G  0.003327   0.01469 2.038e-05   0.01803         8       256    0.9904         1     0.995     0.995   0.00054  0.001693 1.977e-05
   288/299      1.4G  0.003322   0.01398 1.944e-05   0.01732         7       256    0.9887         1     0.995     0.995 0.0005282  0.001708 2.011e-05
   289/299      1.4G  0.003219   0.01413 1.917e-05   0.01736         5       256    0.9892         1     0.995     0.995 0.0004975  0.001613 1.992e-05
   290/299      1.4G  0.003302   0.01456  1.91e-05   0.01788         8       256    0.9905         1     0.995     0.995 0.0004948  0.001461 1.914e-05
   291/299      1.4G  0.003253   0.01431 1.884e-05   0.01758         6       256    0.9913         1     0.995     0.995 0.0005031  0.001451 1.887e-05
   292/299      1.4G   0.00325   0.01429 1.884e-05   0.01756         6       256    0.9907         1     0.995     0.995 0.0005272  0.001556 1.892e-05
   293/299      1.4G  0.003208    0.0142 1.875e-05   0.01743         4       256    0.9903         1     0.995     0.995 0.0005725  0.001742 1.948e-05
   294/299      1.4G  0.003123   0.01358 1.862e-05   0.01672         3       256    0.9878         1     0.995     0.995 0.0006103  0.001824 1.936e-05
   295/299      1.4G  0.003217   0.01394 1.866e-05   0.01717         3       256    0.9902         1     0.995     0.995 0.0005618  0.001741 1.921e-05
   296/299      1.4G  0.003301   0.01416 1.899e-05   0.01748         8       256    0.9918         1     0.995     0.995 0.0005004  0.001481 1.884e-05
   297/299      1.4G  0.003216    0.0137 1.863e-05   0.01694         6       256    0.9954         1     0.995     0.995 0.0004803  0.001444 1.885e-05
   298/299      1.4G  0.003306    0.0149  1.96e-05   0.01823         6       256    0.9953         1     0.995     0.995 0.0004895  0.001546 1.928e-05
